0,0.00999903678894
1,0.0142629146576
2,0.0157511234283
3,0.0142109394073
4,0.0137310028076
5,0.0139689445496
6,0.0143330097198
7,0.0143342018127
8,0.0144021511078
9,0.0143320560455
10,0.0137159824371
11,0.0151698589325
12,0.0144760608673
13,0.0151040554047
14,0.0137979984283
15,0.0143928527832
16,0.0173590183258
17,0.0145509243011
18,0.0142300128937
19,0.0151779651642
20,0.0149748325348
21,0.0154559612274
22,0.0151779651642
23,0.0156190395355
24,0.015477180481
25,0.0152699947357
26,0.0155339241028
27,0.0155968666077
28,0.0158369541168
29,0.0161390304565
30,0.0165140628815
31,0.0162608623505
32,0.0153579711914
33,0.0160081386566
34,0.0160779953003
35,0.0167820453644
36,0.015860080719
37,0.0155389308929
38,0.0165030956268
39,0.016939163208
40,0.0172810554504
41,0.0167169570923
42,0.0169379711151
43,0.0169379711151
44,0.0168659687042
45,0.0167980194092
46,0.0164389610291
47,0.0170350074768
48,0.0171799659729
49,0.0169479846954
50,0.017147064209
51,0.0165522098541
52,0.0161168575287
53,0.0181589126587
54,0.0182058811188
55,0.0171728134155
56,0.0168809890747
57,0.0172760486603
58,0.0175499916077
59,0.0174200534821
60,0.0178129673004
61,0.0187430381775
62,0.0181300640106
63,0.0189800262451
64,0.018581867218
65,0.019119977951
66,0.0188250541687
67,0.0188188552856
68,0.0188539028168
69,0.0195429325104
70,0.0193197727203
71,0.0189590454102
72,0.0191259384155
73,0.0197999477386
74,0.0195870399475
75,0.0192360877991
76,0.019562959671
77,0.0197458267212
78,0.019767999649
79,0.0187079906464
80,0.0199329853058
81,0.0193250179291
82,0.0201418399811
83,0.0194048881531
84,0.0203330516815
85,0.0199551582336
86,0.0226449966431
87,0.0205428600311
88,0.0199389457703
89,0.0199999809265
90,0.0201580524445
91,0.0202980041504
92,0.0203900337219
93,0.0201570987701
94,0.0208761692047
95,0.0356180667877
96,0.0214560031891
97,0.0216488838196
98,0.0205118656158
99,0.0205171108246
100,0.0210030078888
101,0.0209279060364
102,0.0212001800537
103,0.0207917690277
104,0.0209629535675
105,0.0211939811707
106,0.0221970081329
107,0.0218060016632
108,0.021253824234
109,0.0217821598053
110,0.0215001106262
111,0.0216829776764
112,0.0215628147125
113,0.0216639041901
114,0.0227611064911
115,0.0217571258545
116,0.0221619606018
117,0.0222859382629
118,0.0215198993683
119,0.0219330787659
120,0.0222339630127
121,0.0218091011047
122,0.0225419998169
123,0.0221989154816
124,0.0219581127167
125,0.0228040218353
126,0.0223159790039
127,0.0227799415588
128,0.0229041576385
129,0.0228049755096
130,0.0239150524139
131,0.023148059845
132,0.0228228569031
133,0.0236740112305
134,0.0238609313965
135,0.0230798721313
136,0.023913860321
137,0.0235910415649
138,0.023087978363
139,0.0247459411621
140,0.0240759849548
141,0.0238838195801
142,0.0230660438538
143,0.0233521461487
144,0.0237991809845
145,0.0231070518494
146,0.0252048969269
147,0.0229210853577
148,0.0229389667511
149,0.0234482288361
150,0.0230529308319
151,0.023185968399
152,0.0240430831909
153,0.0241889953613
154,0.0248038768768
155,0.0245249271393
156,0.0245690345764
157,0.0245759487152
158,0.0249030590057
159,0.0246090888977
160,0.0248808860779
161,0.0245809555054
162,0.0252959728241
163,0.023933172226
164,0.0257141590118
165,0.0253620147705
166,0.0243000984192
167,0.0265130996704
168,0.0255851745605
169,0.0251841545105
170,0.0247609615326
171,0.0257208347321
172,0.0253601074219
173,0.0260989665985
174,0.0258300304413
175,0.0258891582489
176,0.0271739959717
177,0.0260078907013
178,0.024482011795
179,0.026340007782
180,0.0262839794159
181,0.0265009403229
182,0.0264139175415
183,0.0262048244476
184,0.0267751216888
185,0.0275840759277
186,0.0276439189911
187,0.0273630619049
188,0.0280680656433
189,0.0267341136932
190,0.0270261764526
191,0.0264029502869
192,0.0273659229279
193,0.0263590812683
194,0.03151512146
195,0.0271849632263
196,0.0272181034088
197,0.0278370380402
198,0.0281369686127
199,0.0268399715424
200,0.0273499488831
201,0.0277488231659
202,0.0275049209595
203,0.0280900001526
204,0.0297160148621
205,0.0291759967804
206,0.0284199714661
207,0.0287182331085
208,0.028128862381
209,0.0294990539551
210,0.0280740261078
211,0.0291578769684
212,0.0287370681763
213,0.0277900695801
214,0.0279569625854
215,0.0299980640411
216,0.0284640789032
217,0.0300440788269
218,0.0288009643555
219,0.0288670063019
220,0.0283699035645
221,0.0288269519806
222,0.0284979343414
223,0.0298221111298
224,0.0281481742859
225,0.0303859710693
226,0.0298149585724
227,0.0292139053345
228,0.0288279056549
229,0.0292630195618
230,0.0293159484863
231,0.0299899578094
232,0.0295379161835
233,0.0295240879059
234,0.0293769836426
235,0.0296421051025
236,0.0296559333801
237,0.0300300121307
238,0.0303778648376
239,0.030296087265
240,0.029806137085
241,0.0304319858551
242,0.0299789905548
243,0.0300478935242
244,0.0305728912354
245,0.0310349464417
246,0.0306839942932
247,0.0304970741272
248,0.0371201038361
249,0.0312249660492
250,0.0315098762512
251,0.0314469337463
252,0.0301189422607
253,0.0311949253082
254,0.031919002533
255,0.0310840606689
256,0.0299789905548
257,0.0300350189209
258,0.0300059318542
259,0.0302801132202
260,0.0288069248199
261,0.0310220718384
262,0.0313839912415
263,0.0308530330658
264,0.0297639369965
265,0.0295121669769
266,0.0312478542328
267,0.033783197403
268,0.0318689346313
269,0.0314230918884
270,0.0323958396912
271,0.0310180187225
272,0.0317599773407
273,0.0352940559387
274,0.0369679927826
275,0.0299170017242
276,0.0311629772186
277,0.0334169864655
278,0.0314750671387
279,0.0322449207306
280,0.0315661430359
281,0.032105922699
282,0.0342130661011
283,0.0334620475769
284,0.0334901809692
285,0.0332379341125
286,0.0334599018097
287,0.0306510925293
288,0.0332109928131
289,0.0343859195709
290,0.0336301326752
291,0.0344891548157
292,0.0343220233917
293,0.0341188907623
294,0.0341329574585
295,0.0339350700378
296,0.035019159317
297,0.0345299243927
298,0.0310981273651
299,0.0344371795654
300,0.0345990657806
301,0.0366098880768
302,0.035740852356
303,0.03457903862
304,0.0348789691925
305,0.035089969635
306,0.0586678981781
307,0.0354859828949
308,0.0352220535278
309,0.0351119041443
310,0.0348289012909
311,0.0354361534119
312,0.035108089447
313,0.035717010498
314,0.0329079627991
315,0.0360350608826
316,0.0358328819275
317,0.0366230010986
318,0.0358319282532
319,0.0355668067932
320,0.0361788272858
321,0.036288022995
322,0.0363998413086
323,0.0359120368958
324,0.0370302200317
325,0.0382130146027
326,0.0360879898071
327,0.0365271568298
328,0.036691904068
329,0.0389609336853
330,0.0369131565094
331,0.0370500087738
332,0.0373799800873
333,0.0371248722076
334,0.037584066391
335,0.039274930954
336,0.039039850235
337,0.037425994873
338,0.037829875946
339,0.0378260612488
340,0.0375320911407
341,0.0375099182129
342,0.0376951694489
343,0.0380399227142
344,0.0385568141937
345,0.0376789569855
346,0.0496640205383
347,0.0381639003754
348,0.0398230552673
349,0.0403919219971
350,0.0381720066071
351,0.0384938716888
352,0.0388269424438
353,0.0388000011444
354,0.0386881828308
355,0.0382690429688
356,0.0391440391541
357,0.0387930870056
358,0.0405611991882
359,0.038388967514
360,0.0389778614044
361,0.0408611297607
362,0.0402331352234
363,0.0396771430969
364,0.0395369529724
365,0.039696931839
366,0.0394320487976
367,0.0405268669128
368,0.0391688346863
369,0.0394630432129
370,0.0414798259735
371,0.0399169921875
372,0.0397870540619
373,0.0398018360138
374,0.0393290519714
375,0.0402619838715
376,0.0398459434509
377,0.0404469966888
378,0.0396440029144
379,0.0403940677643
380,0.0426840782166
381,0.0406241416931
382,0.0406239032745
383,0.0410449504852
384,0.0407631397247
385,0.0408260822296
386,0.0409319400787
387,0.04150390625
388,0.0479760169983
389,0.0413110256195
390,0.0413379669189
391,0.0379259586334
392,0.0412969589233
393,0.0438868999481
394,0.04438996315
395,0.0417530536652
396,0.0408542156219
397,0.0404071807861
398,0.0416231155396
399,0.0406231880188
400,0.0426549911499
401,0.0418567657471
402,0.0411238670349
403,0.0422229766846
404,0.0406019687653
405,0.0426890850067
406,0.040501832962
407,0.042484998703
408,0.041934967041
409,0.0423109531403
410,0.0415031909943
411,0.0410459041595
412,0.0419270992279
413,0.0411229133606
414,0.042699098587
415,0.0430450439453
416,0.0427131652832
417,0.0420229434967
418,0.0436079502106
419,0.0443880558014
420,0.0433640480042
421,0.0423970222473
422,0.0445787906647
423,0.0435969829559
424,0.0420439243317
425,0.0435419082642
426,0.0429179668427
427,0.0434091091156
428,0.0428400039673
429,0.0425488948822
430,0.0435659885406
431,0.0438067913055
432,0.0439169406891
433,0.0422050952911
434,0.0441071987152
435,0.044294834137
436,0.04354596138
437,0.0458238124847
438,0.0443840026855
439,0.0443780422211
440,0.043377161026
441,0.0468089580536
442,0.0430319309235
443,0.0450530052185
444,0.0445320606232
445,0.0448620319366
446,0.0452089309692
447,0.0432879924774
448,0.045872926712
449,0.0447700023651
450,0.0440609455109
451,0.044184923172
452,0.0442130565643
453,0.0503289699554
454,0.046718120575
455,0.0478281974792
456,0.0456838607788
457,0.0448069572449
458,0.0432589054108
459,0.0452468395233
460,0.0447039604187
461,0.0451259613037
462,0.0449252128601
463,0.0482671260834
464,0.0450489521027
465,0.0473158359528
466,0.0445868968964
467,0.0461039543152
468,0.0509440898895
469,0.0438661575317
470,0.0439040660858
471,0.0472590923309
472,0.0435769557953
473,0.0436999797821
474,0.0431509017944
475,0.0449759960175
476,0.0427417755127
477,0.0440599918365
478,0.0422508716583
479,0.0443239212036
480,0.0441598892212
481,0.0432689189911
482,0.0450978279114
483,0.0472469329834
484,0.0462839603424
485,0.0468769073486
486,0.0460741519928
487,0.0475790500641
488,0.0456221103668
489,0.0478918552399
490,0.0454189777374
491,0.0481050014496
492,0.0466740131378
493,0.0452411174774
494,0.0458679199219
495,0.0465488433838
496,0.0479719638824
497,0.0449879169464
498,0.0521581172943
